--- skipped exon ---
19 1 59712057 59712107 prot
2 -1 -234540505 -234540409 prot
13 -1 -29839854 -29839738 not
13 -1 -29836342 -29836206 not
X -1 -152659544 -152659530 prot
X -1 -152649681 -152649670 prot
X -1 -152650319 -152650185 prot
2 1 220324647 220324831 part
21 -1 -32901897 -32901830 part
21 -1 -32896548 -32896453 prot
15 1 41880622 41880677 prot
12 1 38920552 38920686 prot
12 1 38937317 38937446 prot
12 1 38980882 38981133 part
5 1 131741755 131741826 part
5 1 131754281 131754495 part
5 1 131754367 131754495 not
9 1 128779590 128779611 prot
9 1 128778416 128778478 prot
9 1 128782432 128782548 part
9 1 128779590 128779777 part
11 1 1857893 1858030 part
19 1 59194700 59194837 prot
21 -1 -33045214 -33045099 part
5 -1 -56269922 -56269880 part
5 -1 -56268520 -56268478 part
16 -1 -362728 -362612 prot
5 -1 -132070050 -132070042 prot
5 -1 -132065803 -132065678 prot
1 1 148027672 148027818 prot
1 1 148009920 148009955 prot
5 -1 -132188412 -132188206 prot
7 1 114248468 114248538 part
11 1 5581052 5581541 part
7 1 126453472 126453707 not
X -1 -152800576 -152800340 prot
X -1 -152804418 -152804304 part
X -1 -152802395 -152802330 prot
X -1 -152799731 -152799341 prot
X -1 -152798976 -152798827 prot
X -1 -152799641 -152799341 prot
X -1 -153858036 -153857885 part
19 1 59624263 59624374 part
19 1 59619042 59619910 part
19 1 59638820 59638865 prot
21 -1 -33823944 -33823743 part
18 -1 -59475200 -59475045 prot
21 1 39793619 39793711 prot
11 1 2281216 2281287 part
11 1 2286542 2286616 prot
11 1 2295150 2295331 prot
11 1 2295152 2295331 part
11 1 2295233 2295331 part
5 1 132038050 132038097 prot
19 -1 -59472122 -59472047 prot
7 1 26911957 26912225 part
7 1 26911933 26912225 part
X 1 153149652 153149814 part
2 1 220223110 220223166 prot
11 1 1933417 1933587 part
5 1 131955468 131955625 part
5 1 131954815 131954997 prot
7 1 89539266 89539342 part
7 1 89547952 89548075 part
7 1 89545746 89545923 part
7 1 89549986 89550117 part
7 1 89561467 89561714 part
7 1 89577934 89578071 prot
7 1 89580866 89581063 prot
7 1 89583228 89583332 prot
16 -1 -337107 -336149 part
16 -1 -281298 -281191 prot
21 1 33539668 33539980 part
21 1 33546313 33546423 part
21 1 33554772 33554902 prot
15 -1 -41876846 -41876635 part
15 -1 -41877994 -41877915 part
15 -1 -41876846 -41876631 not
11 -1 -64325079 -64324948 prot
11 -1 -64325669 -64325627 part
X 1 153838488 153838563 part
X 1 153839348 153839370 part
2 -1 -220248686 -220248411 part
2 -1 -220247845 -220247570 part
15 -1 -41997319 -41997215 not
15 -1 -41998770 -41998468 part
15 -1 -41971559 -41971471 part
5 -1 -132261983 -132261821 prot
5 -1 -132290798 -132290712 prot
1 -1 -148210610 -148210504 part
1 -1 -148226635 -148226477 prot
11 -1 -5212019 -5211797 prot
22 -1 -30341253 -30341093 prot
22 -1 -30341139 -30341093 prot
22 -1 -30352831 -30352723 not
22 -1 -30346556 -30346303 part
22 -1 -30348750 -30348543 not
X -1 -153504680 -153504208 part
X -1 -153472229 -153472113 prot
16 -1 -218402 -218333 part
16 -1 -180802 -180662 part
16 -1 -198664 -198601 part
16 -1 -189238 -189062 prot
21 -1 -39549624 -39549441 part
21 -1 -39541628 -39541497 prot
21 -1 -39504725 -39504582 prot
21 -1 -39549624 -39549461 not
21 -1 -39504725 -39504662 part
19 1 59837627 59837665 prot
19 1 59838367 59838442 part
19 1 59836901 59836951 prot
21 1 33078979 33079101 part
21 1 33082794 33082883 prot
11 1 131687769 131687886 part
11 1 131705257 131705289 part
11 1 131692759 131692794 not
19 -1 -59452017 -59451718 prot
22 -1 -31248546 -31248459 part
11 1 64117453 64117607 part
11 1 64117453 64117851 part
11 1 64117683 64117851 part
16 -1 -54438 -54331 prot
11 -1 -64329246 -64329082 prot
11 -1 -2118105 -2117941 not
19 -1 -59237435 -59237343 prot
15 -1 -41643655 -41643593 prot
15 -1 -41615744 -41615625 prot
15 -1 -41712418 -41712207 part
15 -1 -41728199 -41728119 not
15 -1 -41712424 -41712207 part
15 -1 -41714644 -41714599 part
15 -1 -41684637 -41684467 part
15 -1 -41691999 -41691867 part
15 -1 -41684889 -41684754 part
15 -1 -41692396 -41692281 not
15 -1 -41690805 -41689802 not
15 -1 -41664382 -41664289 not
15 -1 -41644482 -41644357 prot
15 -1 -41640085 -41639903 prot
22 -1 -31128783 -31128716 part
11 -1 -64214524 -64214453 prot
11 -1 -64177770 -64177744 prot
11 -1 -64150600 -64150511 prot
11 -1 -64403204 -64402883 not
5 -1 -142220312 -142220054 not
19 -1 -59567749 -59567714 prot
19 -1 -59563491 -59563441 prot
11 -1 -116158170 -116158084 prot
11 -1 -116163569 -116163408 prot
11 -1 -116161072 -116161025 prot
11 -1 -116163528 -116163408 part
16 1 46321 46420 part
13 1 112809160 112809225 prot
13 1 112817975 112818115 part
5 -1 -131849964 -131849842 prot
20 -1 -33529184 -33529065 not
21 -1 -39738541 -39738440 not
21 -1 -39729369 -39729216 not
21 -1 -39729338 -39729216 not
21 -1 -39732514 -39732480 not
21 -1 -39733569 -39733430 not
21 -1 -39729963 -39729893 not
21 -1 -39721701 -39721555 not
21 -1 -39737997 -39737931 not
21 -1 -39722299 -39721968 part
X -1 -152747946 -152747840 prot
6 -1 -108650217 -108650131 part
6 -1 -108650942 -108650847 prot
11 -1 -5259757 -5259715 not
9 -1 -128950311 -128950241 not
9 -1 -128951110 -128951012 part
9 -1 -128946139 -128946021 part
20 -1 -33618987 -33618934 part
20 -1 -33614150 -33613990 part
20 -1 -33614132 -33613990 part
20 -1 -33635146 -33635022 part
20 -1 -33630303 -33630172 prot
21 1 33843652 33849567 prot
21 1 33851722 33851844 part
21 1 33866727 33866806 part
19 1 60021582 60021866 prot
19 1 60028295 60028345 prot
14 -1 -98997430 -98997282 part
X 1 122719552 122719678 not
X 1 122750623 122750694 not
X 1 122745016 122745924 part
X 1 122750623 122750701 part
20 -1 -33726538 -33726381 part
20 1 33669423 33669466 part
20 1 33669948 33670056 part
9 1 128893133 128893253 part
16 1 388209 388386 not
16 1 388209 388395 part
16 1 396686 396778 part
16 1 387880 387903 prot
16 1 395514 395666 part
16 1 396686 396953 part
16 1 401362 401579 part
16 1 397426 397561 not
X -1 -153106489 -153106466 prot
X -1 -153103926 -153103831 prot
X -1 -153102942 -153102769 prot
X -1 -153101890 -153101768 prot
22 1 31199522 31199816 part
22 1 31199674 31199816 not
1 1 148347640 148347714 prot
7 1 89768332 89768395 not
7 1 89685972 89686026 not
7 1 89743856 89743918 not
20 -1 -33335478 -33335393 not
20 -1 -33332046 -33331871 prot
20 -1 -33327531 -33327373 not
9 1 128969797 128969901 prot
9 1 128962346 128962443 part
9 1 128970818 128970943 prot
X 1 153566765 153566823 part
21 1 32751776 32751899 part
21 1 32747491 32747687 part
21 1 32789208 32789351 part
21 1 32795596 32795676 part
21 1 32795596 32795719 not
21 1 32795596 32795667 part
22 1 30300812 30300904 part
22 1 30324284 30324359 part
20 -1 -33425473 -33425401 part
20 -1 -33460684 -33460562 part
20 -1 -33365982 -33365905 prot
20 -1 -33435350 -33435255 prot
20 -1 -33443494 -33443453 prot
20 -1 -33397964 -33397918 not
20 -1 -33433242 -33433135 prot
7 1 116114072 116114152 part
22 1 30670849 30670963 part
22 1 30666040 30666218 part
20 1 33551292 33551412 part
1 1 148070755 148071623 not
16 1 236957 237069 not
16 1 238244 238397 not
16 1 249483 249599 part
16 1 254016 254171 prot
19 1 59776977 59777191 part
19 1 59777110 59777191 part
19 1 59777355 59777390 prot
19 1 59790289 59790339 prot
19 1 59780744 59781002 part
11 -1 -116213083 -116212927 part
6 -1 -41853543 -41853201 not
21 -1 -33104834 -33104754 not
21 -1 -33101896 -33101822 not
5 -1 -131590850 -131590678 not
5 -1 -131590813 -131590524 not
5 -1 -131590813 -131590678 not
X 1 153891294 153891368 prot
18 1 59771568 59771741 part
16 1 26242967 26243085 not
5 1 56242753 56243120 part
5 1 56242753 56243086 not
5 1 56242626 56242695 not
7 1 113396950 113397094 not
7 1 113600511 113600646 not
7 1 113772332 113772389 part
7 1 113863598 113863648 part
7 1 113892072 113892273 part
7 1 113519411 113519462 not
7 1 113697080 113697177 not
7 1 113890446 113890600 part
7 1 113804813 113804887 prot
8 -1 -118913073 -118913019 part
15 1 41833314 41833392 part
15 1 41832292 41832436 part
15 1 41831074 41831248 part
21 -1 -33750274 -33750181 part
21 -1 -33741317 -33741195 not
21 -1 -33731169 -33731060 not
16 1 481135 481269 part
19 1 59300716 59300822 part
19 1 59301472 59301565 part
19 1 59301930 59302097 part
1 -1 -148154738 -148154549 not
1 -1 -148155103 -148154991 part
1 -1 -148154738 -148154553 part
1 -1 -148152453 -148152271 part
1 -1 -148152724 -148152565 part
6 -1 -41766633 -41766379 prot
6 -1 -41808483 -41808365 not
6 -1 -41808455 -41808365 not
2 1 234460177 234460310 part
X 1 153163285 153163374 prot
X 1 153168891 153168932 prot
X 1 153168729 153168809 part
X 1 153161270 153161398 prot
X -1 -153596806 -153596676 part
X -1 -122483095 -122483030 part
5 -1 -132125487 -132125391 part
18 -1 -59460102 -59459974 prot
9 1 128926856 128926940 part
9 1 128927972 128928100 part
11 1 5675054 5675149 prot
18 1 59412240 59412452 part
1 1 148050943 148051158 part
1 1 148052489 148052527 part
1 -1 -148110466 -148110294 part
1 -1 -148095804 -148095760 prot
1 -1 -148111922 -148111721 part
1 -1 -148079011 -148078949 part
5 1 132021881 132021951 not
5 1 132020657 132020835 not
21 1 33705012 33705068 prot
21 1 33709065 33709197 part
21 1 33705621 33705751 part
6 1 41721842 41722024 prot
6 1 108829893 108829951 part
13 1 112793436 112793510 part
13 1 112792383 112792475 part
13 1 112792383 112792466 not
X -1 -152844864 -152844697 part
X -1 -152878612 -152878489 part
21 -1 -33925733 -33925662 part
21 -1 -33925703 -33925662 not
21 -1 -33935481 -33935355 not
21 -1 -33910926 -33910882 prot
21 -1 -33891577 -33891456 part
21 -1 -33877842 -33877664 part
21 -1 -33881778 -33881698 prot
21 -1 -33878944 -33878766 part
21 -1 -33876422 -33876341 part
21 -1 -33878902 -33878766 part
22 -1 -30459451 -30458927 part
22 -1 -30422302 -30422196 part
19 1 59656537 59656647 part
5 -1 -141960554 -141960451 part
5 -1 -141960549 -141960451 not
6 1 74246737 74246811 prot
6 1 74239809 74240098 part
6 1 74247445 74247560 part
5 1 131635383 131635500 prot
21 1 33570771 33570928 part
21 1 33588187 33588302 part
22 -1 -31083599 -31083513 prot
11 1 1901361 1901378 prot
11 1 1904501 1904515 prot
11 1 1906926 1906949 prot
11 1 1906874 1906949 part
11 1 1902905 1902922 prot
11 1 64093700 64093906 prot
11 1 64088356 64088476 part
11 1 64083183 64083286 part
11 1 64092718 64092826 part
11 1 64093832 64093906 prot
X -1 -152718415 -152718371 prot
X -1 -152707459 -152707397 prot
X -1 -152705987 -152705868 prot
X -1 -152697300 -152697223 prot
X -1 -152696705 -152696472 part
X -1 -152705354 -152705133 not
X -1 -152696912 -152696472 not
X -1 -152696912 -152696807 not
15 -1 -41526975 -41526856 prot
15 -1 -41500664 -41500515 prot
15 -1 -41526404 -41526256 part
15 -1 -41512167 -41511684 part
15 -1 -41493606 -41493538 part
15 -1 -41492257 -41492162 part
15 -1 -41526080 -41525877 part
16 -1 -262931 -262863 part
16 -1 -265083 -264977 part
19 -1 -59294883 -59294851 prot
19 -1 -59294704 -59294693 prot
16 -1 -128333 -128149 part
16 -1 -115072 -114936 part
16 -1 -113544 -113506 prot
16 -1 -109254 -109125 part
16 -1 -107374 -107300 prot
22 -1 -30167548 -30167478 part
22 -1 -30170900 -30170829 prot
X -1 -153278376 -153278271 part
21 -1 -34203385 -34203256 part
5 1 131688053 131688234 part
16 1 69138 69330 part
7 -1 -116656364 -116656242 part
7 -1 -116619814 -116619703 part
19 1 59797474 59797555 part
X 1 153334201 153334371 not
X 1 153352326 153352478 prot
X 1 153354729 153354872 prot
19 -1 -59435639 -59435589 part
X -1 -153158858 -153158601 not
X -1 -153158996 -153158601 not
11 -1 -5645517 -5645495 part
11 -1 -5643201 -5642975 part
11 -1 -5643887 -5643787 prot
21 -1 -39475674 -39475568 part
21 -1 -39473782 -39473720 prot
19 -1 -59384177 -59384099 part
19 -1 -59382981 -59382855 part
2 -1 -118418603 -118418539 part
X 1 153128897 153129001 prot
11 -1 -64268156 -64268051 not
11 -1 -64264497 -64264416 part
11 -1 -64267916 -64267865 not
19 1 59870898 59871056 prot
19 1 59870901 59871056 prot
8 -1 -119521381 -119521252 part
11 -1 -64302194 -64302035 part
11 -1 -64297553 -64297478 part
11 -1 -64290203 -64289999 prot
19 -1 -59515452 -59515417 prot
6 1 41418634 41418740 prot
7 1 89506302 89506449 prot
20 -1 -33683570 -33683499 prot
20 -1 -33706680 -33706538 not
20 -1 -33710350 -33710266 not
20 -1 -33683584 -33683499 part
20 -1 -33683361 -33683281 part
20 -1 -33710318 -33710266 not
7 1 116368129 116368197 prot
7 1 116333767 116333849 part
7 1 116424138 116424273 part
7 1 116425640 116425766 part
7 1 116455928 116456067 part
7 1 116192594 116192690 not
7 1 116190428 116190728 part
7 1 116332618 116332820 part
7 1 116418130 116418204 not
6 -1 -108501695 -108501539 part
9 -1 -128857697 -128857573 part
9 -1 -128854852 -128854841 prot
9 -1 -128851300 -128851286 prot
9 -1 -128857693 -128857573 part
21 -1 -39641274 -39641175 part
21 -1 -39642247 -39642218 prot
21 -1 -39641279 -39641175 part
21 -1 -39639754 -39639626 part
21 -1 -39641088 -39641043 part
21 -1 -39641088 -39639626 not
21 1 34050962 34051248 part
21 1 34096604 34096618 prot
21 1 34117661 34117827 prot
21 1 34123141 34123224 part
21 1 34169528 34169695 prot
21 1 34176417 34176629 prot
21 1 34120992 34121037 part
5 -1 -131716223 -131716081 not
X -1 -152730454 -152730379 part
X -1 -152728331 -152728250 part
X -1 -152722405 -152722304 prot
X -1 -152730454 -152730421 part
X -1 -152723488 -152723392 part
14 -1 -98767647 -98767435 prot
X 1 122880752 122880816 not
X 1 122885950 122886072 part
X 1 122950239 122950349 prot
X 1 122821464 122821491 not
X -1 -153304439 -153304342 part
X -1 -153299896 -153299846 part
X -1 -153304964 -153304851 part
X -1 -153299917 -153299846 part
7 1 90021647 90021741 part
20 -1 -33790883 -33790729 part
20 -1 -33791933 -33791861 part
20 -1 -33785593 -33785522 part
20 -1 -33780863 -33780798 prot
20 -1 -33780887 -33780798 part
20 -1 -33759328 -33759276 part
20 -1 -33768141 -33768076 prot
11 -1 -1726932 -1726821 part
8 1 119365934 119366006 not
7 1 89628423 89628514 part
7 1 89646120 89646193 part
19 1 60008060 60008344 prot
19 1 60016392 60016495 prot
19 1 60012100 60012150 prot
19 1 60016957 60017009 part
19 1 60016392 60016562 prot
22 1 30622282 30622342 prot
22 1 30581908 30581973 prot
22 1 30596697 30596805 part
11 -1 -2148576 -2148496 prot
11 -1 -2144838 -2144693 part
11 -1 -2144574 -2144439 part
11 -1 -116244015 -116243872 prot
11 -1 -116251935 -116251792 prot
11 -1 -116237309 -116237200 prot
7 -1 -125935832 -125935762 prot
7 -1 -126339375 -126339301 part
7 -1 -126345191 -126345046 not
19 1 59402233 59402404 part
19 1 59401956 59402142 part
19 1 59401956 59402404 not
19 1 59064820 59064904 not
19 1 59064756 59064904 not
22 1 30123569 30123744 part
22 1 30141848 30141939 part
20 -1 -33341692 -33341620 part
19 1 59348730 59348942 not
21 -1 -32929065 -32929042 part
21 -1 -32937638 -32937591 prot
21 -1 -32970536 -32970513 prot
5 1 132230460 132230626 part
21 -1 -32878486 -32878342 part
21 -1 -32871857 -32871607 part
7 -1 -26937408 -26937293 not
20 1 33605557 33605571 prot
20 1 33594824 33594967 part
20 1 33600331 33600375 prot

--- alt donor ---
2 1 220318632 220318797 part
2 1 220318632 220318993 part
15 1 41871466 41871873 part
15 1 41871466 41872068 part
15 1 41871466 41871873 part
15 1 41871466 41872101 part
9 1 128779590 128779611 part
9 1 128779590 128779777 part
9 1 128782202 128782330 not
9 1 128782202 128782548 not
21 -1 -33049535 -33049412 part
21 -1 -33049535 -33049395 part
X 1 153178241 153178367 not
X 1 153178241 153180850 not
16 1 272298 272356 part
16 1 272298 272374 part
1 -1 -148132155 -148132038 not
1 -1 -148132155 -148132031 not
1 -1 -148132155 -148132038 not
1 -1 -148132155 -148131971 not
1 -1 -148132155 -148132031 not
1 -1 -148132155 -148131971 not
11 1 5620623 5620649 part
11 1 5620623 5620659 part
21 1 39684494 39684659 part
21 1 39684494 39685272 part
19 1 59622114 59622292 part
19 1 59622114 59622528 part
21 -1 -33822780 -33822695 part
21 -1 -33822780 -33822691 part
21 1 39805477 39805606 part
21 1 39805477 39805503 part
11 1 2291460 2291514 part
11 1 2291460 2291561 part
19 -1 -59471967 -59471930 part
19 -1 -59471967 -59471913 part
X 1 153148991 153149814 not
X 1 153148991 153149129 not
11 1 1933417 1933587 not
11 1 1933417 1933523 not
5 1 131939368 131939454 part
5 1 131939368 131939519 part
7 1 89535912 89536021 part
7 1 89535912 89536015 part
13 1 112849694 112849811 prot
13 1 112849694 112849801 prot
15 -1 -41876846 -41876635 part
15 -1 -41876846 -41876631 part
2 -1 -220246950 -220246681 part
2 -1 -220246950 -220246805 part
15 -1 -41965245 -41965158 part
15 -1 -41965245 -41965171 part
15 -1 -41968362 -41968299 part
15 -1 -41968362 -41968314 part
2 1 234673697 234673868 part
2 1 234673697 234673995 part
22 -1 -30346556 -30346303 part
22 -1 -30346556 -30346121 part
16 -1 -180135 -179968 part
16 -1 -180135 -179931 part
16 -1 -6738 -6541 part
16 -1 -6738 -6537 part
21 -1 -39558815 -39558687 part
21 -1 -39558815 -39558782 part
21 -1 -39549624 -39549441 part
21 -1 -39549624 -39549461 part
21 -1 -39504725 -39504582 part
21 -1 -39504725 -39504662 part
19 1 59836279 59836581 part
19 1 59836279 59836507 part
11 -1 -64426728 -64426564 prot
11 -1 -64426728 -64426558 prot
16 -1 -55037 -54897 part
16 -1 -55037 -54930 part
11 -1 -64332147 -64331939 prot
11 -1 -64332147 -64332044 prot
11 -1 -64334180 -64333713 part
11 -1 -64334180 -64333698 part
15 -1 -41652974 -41652847 prot
15 -1 -41652974 -41652871 prot
11 -1 -64201085 -64201062 prot
11 -1 -64201085 -64201041 prot
5 -1 -142219910 -142219751 not
5 -1 -142219910 -142219762 not
19 -1 -59564628 -59564335 part
19 -1 -59564628 -59564429 part
19 -1 -59563491 -59563441 part
19 -1 -59563491 -59563262 part
19 -1 -59560387 -59560349 part
19 -1 -59560387 -59560133 part
20 -1 -33628032 -33627932 part
20 -1 -33628032 -33627988 part
20 -1 -33611545 -33611304 part
20 -1 -33611545 -33611344 part
X 1 122750623 122750694 part
X 1 122750623 122750701 part
20 1 33669786 33670056 not
20 1 33669786 33669811 not
9 1 128910031 128910808 part
9 1 128910031 128910165 part
16 1 388209 388386 not
16 1 388209 388395 not
16 1 396686 396778 not
16 1 396686 396953 not
16 1 387880 387903 part
16 1 387880 388180 part
16 1 396347 396398 prot
16 1 396347 396362 prot
16 1 400244 400368 part
16 1 400244 400405 part
16 1 400692 400785 part
16 1 400692 400754 part
16 1 400973 401077 not
16 1 400973 401579 not
7 1 89679484 89679577 not
7 1 89679484 89679573 not
20 -1 -33335709 -33335393 part
20 -1 -33335709 -33335598 part
21 1 32795596 32795676 part
21 1 32795596 32795719 part
21 1 32795596 32795676 prot
21 1 32795596 32795667 prot
21 1 32795596 32795719 part
21 1 32795596 32795667 part
20 -1 -33433242 -33433135 part
20 -1 -33433242 -33433143 part
16 1 239549 239654 not
16 1 239549 239658 not
5 -1 -131590850 -131590678 not
5 -1 -131590850 -131590289 not
5 -1 -131590813 -131590524 not
5 -1 -131590813 -131590678 not
5 -1 -131590813 -131590524 not
5 -1 -131590813 -131590289 not
5 1 56242753 56243120 part
5 1 56242753 56243086 part
7 1 113898279 113903990 part
7 1 113898279 113898442 part
1 1 148185530 148185736 part
1 1 148185530 148185734 part
16 1 275313 275438 part
16 1 275313 275434 part
19 1 59301930 59302097 not
19 1 59301930 59302089 not
19 1 59301930 59302097 not
19 1 59301930 59302137 not
19 1 59301930 59302089 not
19 1 59301930 59302137 not
1 -1 -148154738 -148154549 part
1 -1 -148154738 -148154553 part
1 -1 -148155103 -148154553 not
1 -1 -148155103 -148154991 not
X 1 153162391 153162523 part
X 1 153162391 153162436 part
X 1 153162391 153162523 not
X 1 153162391 153162542 not
X 1 153162391 153162523 not
X 1 153162391 153162554 not
X 1 153162391 153162523 not
X 1 153162391 153162536 not
X 1 153162391 153162436 part
X 1 153162391 153162542 part
X 1 153162391 153162436 part
X 1 153162391 153162554 part
X 1 153162391 153162436 part
X 1 153162391 153162536 part
X 1 153168729 153168809 part
X 1 153168729 153168932 part
X 1 153162391 153162542 not
X 1 153162391 153162554 not
X 1 153162391 153162542 not
X 1 153162391 153162536 not
X 1 153162391 153162554 not
X 1 153162391 153162536 not
X -1 -153584264 -153584172 prot
X -1 -153584264 -153584121 prot
X -1 -122566334 -122566243 not
X -1 -122566334 -122566239 not
X -1 -122480351 -122480293 part
X -1 -122480351 -122479761 part
X -1 -122472942 -122472785 part
X -1 -122472942 -122472784 part
18 1 59407870 59407929 part
18 1 59407870 59407926 part
1 1 148051553 148051661 prot
1 1 148051553 148051670 prot
1 1 148051553 148051661 part
1 1 148051553 148051747 part
1 1 148051553 148051670 part
1 1 148051553 148051747 part
1 -1 -148079687 -148079567 part
1 -1 -148079687 -148079598 part
5 1 142566956 142567231 prot
5 1 142566956 142567066 prot
5 1 142373838 142373874 part
5 1 142373838 142374051 part
13 1 112792383 112792466 not
13 1 112792383 112792475 not
2 1 220291462 220291667 part
2 1 220291462 220291781 part
2 1 220288321 220288407 part
2 1 220288321 220288549 part
2 1 220304703 220304773 part
2 1 220304703 220305098 part
21 -1 -33890012 -33889907 not
21 -1 -33890012 -33889905 not
11 -1 -1975281 -1974324 not
11 -1 -1975281 -1974320 not
6 1 74246380 74246570 part
6 1 74246380 74246811 part
5 1 131634895 131635058 part
5 1 131634895 131635500 part
X -1 -152718731 -152718616 part
X -1 -152718731 -152718371 part
X -1 -152720301 -152720261 prot
X -1 -152720301 -152720243 prot
X -1 -152696912 -152696472 not
X -1 -152696912 -152696807 not
19 -1 -59495130 -59494828 prot
19 -1 -59495130 -59495020 prot
16 -1 -265083 -264215 part
16 -1 -265083 -264958 part
16 -1 -76869 -75820 not
16 -1 -76869 -76667 not
22 -1 -30174916 -30174720 prot
22 -1 -30174916 -30174684 prot
5 -1 -131357843 -131357623 prot
5 -1 -131357843 -131357728 prot
19 -1 -59359431 -59359268 part
19 -1 -59359431 -59359197 part
11 -1 -64357384 -64357279 part
11 -1 -64357384 -64357239 part
11 -1 -116139192 -116138479 prot
11 -1 -116139192 -116138881 prot
19 -1 -59437566 -59437264 part
19 -1 -59437566 -59437350 part
2 1 220135052 220135388 prot
2 1 220135052 220135211 prot
X -1 -153158379 -153158295 not
X -1 -153158379 -153157741 not
11 -1 -5663200 -5662822 not
11 -1 -5663200 -5662674 not
11 -1 -64268156 -64268051 not
11 -1 -64268156 -64268078 not
19 1 59869662 59869699 part
19 1 59869662 59869719 part
11 -1 -64291892 -64291619 prot
11 -1 -64291892 -64291615 prot
7 1 89486241 89486301 not
7 1 89486241 89486316 not
20 -1 -33678162 -33677903 part
20 -1 -33678162 -33678071 part
20 -1 -33683721 -33683647 part
20 -1 -33683721 -33683499 part
20 -1 -33678139 -33677903 prot
20 -1 -33678139 -33677899 prot
7 1 116443792 116443942 prot
7 1 116443792 116443927 prot
21 -1 -39641088 -39639626 not
21 -1 -39641088 -39641043 not
21 -1 -39642373 -39642341 part
21 -1 -39642373 -39642218 part
21 1 34123141 34123224 not
21 1 34123141 34123342 not
X -1 -152730454 -152730379 prot
X -1 -152730454 -152730421 prot
X 1 122881916 122881937 not
X 1 122881916 122881958 not
11 -1 -1725925 -1725473 part
11 -1 -1725925 -1725563 part
7 1 89656921 89657044 part
7 1 89656921 89656955 part
6 -1 -41874645 -41874591 prot
6 -1 -41874645 -41874440 prot
19 1 60016392 60016495 prot
19 1 60016392 60016562 prot
22 1 30505354 30505415 part
22 1 30505354 30505647 part
7 -1 -125680377 -125680131 part
7 -1 -125680377 -125680076 part
19 1 59401956 59402142 part
19 1 59401956 59402404 part
20 1 33599676 33599841 part
20 1 33599676 33599821 part

--- alt acceptor ---
